MNIST:
  parity:     [0, 1, 0, 1, 0, 1, 0, 1, 0, 1]
  value:      [1, 1, 1, 1, 1, 0, 0, 0, 0, 0]
  fibonacci:  [1, 1, 1, 1, 0, 1, 0, 0, 1, 0]
  prime:      [0, 0, 1, 1, 0, 1, 0, 1, 0, 1]
  multiples3: [0, 0, 0, 1, 0, 0, 1, 0, 0, 1]
  number0:    [1, 0, 0, 0, 0, 0, 0, 0, 0, 0]
  number1:    [0, 1, 0, 0, 0, 0, 0, 0, 0, 0]
  number2:    [0, 0, 1, 0, 0, 0, 0, 0, 0, 0]
  number3:    [0, 0, 0, 1, 0, 0, 0, 0, 0, 0]
  number4:    [0, 0, 0, 0, 1, 0, 0, 0, 0, 0]
  number5:    [0, 0, 0, 0, 0, 1, 0, 0, 0, 0]
  number6:    [0, 0, 0, 0, 0, 0, 1, 0, 0, 0]
  number7:    [0, 0, 0, 0, 0, 0, 0, 1, 0, 0]
  number8:    [0, 0, 0, 0, 0, 0, 0, 0, 1, 0]
  number9:    [0, 0, 0, 0, 0, 0, 0, 0, 0, 1]

EMNIST:
  vowel:      [1, 0, 0, 0, 1, 0, 0, 0, 1, 0, 0, 0, 0, 0, 1, 0, 0, 0, 0, 0, 1, 0, 0, 0, 0, 0]
  position:   [1, 1, 1, 1, 1, 1, 1, 1, 1, 1, 1, 1, 1, 0, 0, 0, 0, 0, 0, 0, 0, 0, 0, 0, 0, 0]